29
0 7289 1612 9793 6150 4677 7663 6295 2942 2886 7489 2189 3288 2315 6042 2561 1963 5379 945 5730 9640 8542 3370 3786 4190 9123 3253 1341 10138
7289 0 8423 3308 2943 2724 1178 2590 4603 5193 1622 9000 4613 6534 1515 6286 5572 3268 7756 2211 3155 2057 4267 4219 3829 2638 4728 7274 3653
1612 8423 0 10927 7284 5811 8797 7429 4076 4020 8623 1057 4422 3449 7176 3695 3097 6513 1009 6864 10774 9676 4504 4920 5324 10257 4387 2475 11272
9793 3308 10927 0 5447 5228 3088 5094 7107 7697 4126 11504 7117 9038 4019 8790 8076 5772 10260 4715 789 3117 6771 6723 6333 2514 7232 9778 1557
6150 2943 7284 5447 0 1585 3317 1949 3464 4054 3143 7861 3474 5395 1696 5147 4433 2129 6617 1384 5294 4196 3128 3080 2690 4777 3589 6135 5792
4677 2724 5811 5228 1585 0 3098 1730 1991 2581 2924 6388 2001 3922 1477 3674 2960 814 5144 1165 5075 3977 1655 1607 1217 4558 2116 4662 5573
7663 1178 8797 3088 3317 3098 0 2964 4977 5567 1996 9374 4987 6908 1889 6660 5946 3642 8130 2585 2935 1837 4641 4593 4203 2418 5102 7648 3433
6295 2590 7429 5094 1949 1730 2964 0 3609 4199 2790 8006 3619 5540 1343 5292 4578 2274 6762 1217 4941 3843 3273 3225 2835 4424 3734 6280 5439
2942 4603 4076 7107 3464 1991 4977 3609 0 846 4803 4653 602 2187 3356 1939 1225 2693 3409 3044 6954 5856 684 1100 1504 6437 567 2927 7452
2886 5193 4020 7697 4054 2581 5567 4199 846 0 5393 4597 1192 2131 3946 1883 1169 3283 3353 3634 7544 6446 1274 1690 2094 7027 1157 2871 8042
7489 1622 8623 4126 3143 2924 1996 2790 4803 5393 0 9200 4813 6734 1715 6486 5772 3468 7956 2411 3973 2875 4467 4419 4029 3456 4928 7474 4471
2189 9000 1057 11504 7861 6388 9374 8006 4653 4597 9200 0 4999 4026 7753 4272 3674 7090 1586 7441 11351 10253 5081 5497 5901 10834 4964 3052 11849
3288 4613 4422 7117 3474 2001 4987 3619 602 1192 4813 4999 0 2533 3366 2285 1571 2703 3755 3054 6964 5866 694 1110 1514 6447 727 3273 7462
2315 6534 3449 9038 5395 3922 6908 5540 2187 2131 6734 4026 2533 0 5287 1806 1208 4624 2782 4975 8885 7787 2615 3031 3435 8368 2498 2300 9383
6042 1515 7176 4019 1696 1477 1889 1343 3356 3946 1715 7753 3366 5287 0 5039 4325 2021 6509 964 3866 2768 3020 2972 2582 3349 3481 6027 4364
2561 6286 3695 8790 5147 3674 6660 5292 1939 1883 6486 4272 2285 1806 5039 0 960 4376 3028 4727 8637 7539 2367 2783 3187 8120 2250 2546 9135
1963 5572 3097 8076 4433 2960 5946 4578 1225 1169 5772 3674 1571 1208 4325 960 0 3662 2430 4013 7923 6825 1653 2069 2473 7406 1536 1948 8421
5379 3268 6513 5772 2129 814 3642 2274 2693 3283 3468 7090 2703 4624 2021 4376 3662 0 5846 1709 5619 4521 2357 2309 1919 5102 2818 5364 6117
945 7756 1009 10260 6617 5144 8130 6762 3409 3353 7956 1586 3755 2782 6509 3028 2430 5846 0 6197 10107 9009 3837 4253 4657 9590 3720 1808 10605
5730 2211 6864 4715 1384 1165 2585 1217 3044 3634 2411 7441 3054 4975 964 4727 4013 1709 6197 0 4562 3464 2708 2660 2270 4045 3169 5715 5060
9640 3155 10774 789 5294 5075 2935 4941 6954 7544 3973 11351 6964 8885 3866 8637 7923 5619 10107 4562 0 2964 6618 6570 6180 2361 7079 9625 1404
8542 2057 9676 3117 4196 3977 1837 3843 5856 6446 2875 10253 5866 7787 2768 7539 6825 4521 9009 3464 2964 0 5520 5472 5082 2447 5981 8527 3462
3370 4267 4504 6771 3128 1655 4641 3273 684 1274 4467 5081 694 2615 3020 2367 1653 2357 3837 2708 6618 5520 0 764 1168 6101 809 3355 7116
3786 4219 4920 6723 3080 1607 4593 3225 1100 1690 4419 5497 1110 3031 2972 2783 2069 2309 4253 2660 6570 5472 764 0 1120 6053 1225 3771 7068
4190 3829 5324 6333 2690 1217 4203 2835 1504 2094 4029 5901 1514 3435 2582 3187 2473 1919 4657 2270 6180 5082 1168 1120 0 5663 1629 4175 6678
9123 2638 10257 2514 4777 4558 2418 4424 6437 7027 3456 10834 6447 8368 3349 8120 7406 5102 9590 4045 2361 2447 6101 6053 5663 0 6562 9108 2859
3253 4728 4387 7232 3589 2116 5102 3734 567 1157 4928 4964 727 2498 3481 2250 1536 2818 3720 3169 7079 5981 809 1225 1629 6562 0 3238 7577
1341 7274 2475 9778 6135 4662 7648 6280 2927 2871 7474 3052 3273 2300 6027 2546 1948 5364 1808 5715 9625 8527 3355 3771 4175 9108 3238 0 10123
10138 3653 11272 1557 5792 5573 3433 5439 7452 8042 4471 11849 7462 9383 4364 9135 8421 6117 10605 5060 1404 3462 7116 7068 6678 2859 7577 10123 0
