26
0
0 770 9277 2630 4714 8083 9324 5857 2944 5074 6700 9578 3836 4583 7429 4385 6716 1446 3117 9209 8735 5277 3229 1532 5183 1032
770 0 8937 2084 4374 7743 8984 5517 2398 4528 6360 9238 3496 4037 7089 3839 6376 900 2777 8869 8395 4731 2889 1192 4843 486
9277 8937 0 10797 5993 3116 307 3924 11111 13241 3803 1455 6341 12750 3138 12552 3685 9613 8060 1428 2026 13444 6624 8057 4678 9199
2630 2084 10797 0 6234 9603 10844 7377 1350 3480 8220 11098 5356 2989 8949 2791 8236 1606 4637 10729 10255 3683 4749 3052 6703 2038
4714 4374 5993 6234 0 4799 6040 2573 6548 8678 3416 6294 1778 8187 4145 7989 3432 5050 3497 5925 5451 8881 2061 3494 1899 4636
8083 7743 3116 9603 4799 0 3163 2730 9917 12047 2609 3417 5147 11556 1944 11358 2491 8419 6866 3048 2574 12250 5430 6863 3484 8005
9324 8984 307 10844 6040 3163 0 3971 11158 13288 3850 1502 6388 12797 3185 12599 3732 9660 8107 1475 2073 13491 6671 8104 4725 9246
5857 5517 3924 7377 2573 2730 3971 0 7691 9821 1347 4225 2921 9330 2076 9132 1363 6193 4640 3856 3382 10024 3204 4637 1258 5779
2944 2398 11111 1350 6548 9917 11158 7691 0 2586 8534 11412 5670 2095 9263 1897 8550 1920 4951 11043 10569 2789 5063 3366 7017 2352
5074 4528 13241 3480 8678 12047 13288 9821 2586 0 10664 13542 7800 1199 11393 2261 10680 4050 7081 13173 12699 1345 7193 5496 9147 4482
6700 6360 3803 8220 3416 2609 3850 1347 8534 10664 0 4104 3764 10173 1955 9975 1242 7036 5483 3735 3261 10867 4047 5480 2101 6622
9578 9238 1455 11098 6294 3417 1502 4225 11412 13542 4104 0 6642 13051 3439 12853 3986 9914 8361 1729 2327 13745 6925 8358 4979 9500
3836 3496 6341 5356 1778 5147 6388 2921 5670 7800 3764 6642 0 7309 4493 7111 3780 4172 2619 6273 5799 8003 1183 2616 2247 3758
4583 4037 12750 2989 8187 11556 12797 9330 2095 1199 10173 13051 7309 0 10902 1770 10189 3559 6590 12682 12208 1402 6702 5005 8656 3991
7429 7089 3138 8949 4145 1944 3185 2076 9263 11393 1955 3439 4493 10902 0 10704 1837 7765 6212 3070 2596 11596 4776 6209 2830 7351
4385 3839 12552 2791 7989 11358 12599 9132 1897 2261 9975 12853 7111 1770 10704 0 9991 3361 6392 12484 12010 2464 6504 4807 8458 3793
6716 6376 3685 8236 3432 2491 3732 1363 8550 10680 1242 3986 3780 10189 1837 9991 0 7052 5499 3617 3143 10883 4063 5496 2117 6638
1446 900 9613 1606 5050 8419 9660 6193 1920 4050 7036 9914 4172 3559 7765 3361 7052 0 3453 9545 9071 4253 3565 1868 5519 854
3117 2777 8060 4637 3497 6866 8107 4640 4951 7081 5483 8361 2619 6590 6212 6392 5499 3453 0 7992 7518 7284 2012 1897 3966 3039
9209 8869 1428 10729 5925 3048 1475 3856 11043 13173 3735 1729 6273 12682 3070 12484 3617 9545 7992 0 1958 13376 6556 7989 4610 9131
8735 8395 2026 10255 5451 2574 2073 3382 10569 12699 3261 2327 5799 12208 2596 12010 3143 9071 7518 1958 0 12902 6082 7515 4136 8657
5277 4731 13444 3683 8881 12250 13491 10024 2789 1345 10867 13745 8003 1402 11596 2464 10883 4253 7284 13376 12902 0 7396 5699 9350 4685
3229 2889 6624 4749 2061 5430 6671 3204 5063 7193 4047 6925 1183 6702 4776 6504 4063 3565 2012 6556 6082 7396 0 2009 2530 3151
1532 1192 8057 3052 3494 6863 8104 4637 3366 5496 5480 8358 2616 5005 6209 4807 5496 1868 1897 7989 7515 5699 2009 0 3963 1454
5183 4843 4678 6703 1899 3484 4725 1258 7017 9147 2101 4979 2247 8656 2830 8458 2117 5519 3966 4610 4136 9350 2530 3963 0 5105
1032 486 9199 2038 4636 8005 9246 5779 2352 4482 6622 9500 3758 3991 7351 3793 6638 854 3039 9131 8657 4685 3151 1454 5105 0
